FFA25D
Decoded NEC: FFA25D (32 bits)
Raw (68): 8950 -4400 600 -550 600 -550 600 -550 600 -550 600 -550 600 -550 550 -600 550 -600 550 -1650 550 -1650 600 -1600 600 -1650 550 -1650 600 -1600 600 -1600 600 -1650 600 -1600 600 -550 600 -1600 600 -550 600 -550 600 -550 600 -1600 600 -550 600 -550 600 -1600 600 -550 550 -1650 600 -1650 550 -1650 600 -550 600 -1600 600 
FF629D
Decoded NEC: FF629D (32 bits)
Raw (68): 8950 -4400 600 -550 600 -550 600 -550 600 -550 600 -550 600 -550 600 -550 550 -600 550 -1650 600 -1600 600 -1600 600 -1650 600 -1600 600 -1600 600 -1650 550 -1650 600 -550 600 -1600 600 -1600 600 -550 600 -550 600 -550 600 -1600 600 -550 600 -1650 550 -550 600 -550 600 -1650 550 -1650 600 -1600 600 -550 600 -1600 600 
FFE21D
Decoded NEC: FFE21D (32 bits)
Raw (68): 8900 -4450 600 -550 600 -550 600 -500 650 -500 650 -500 600 -550 600 -550 600 -550 600 -1600 600 -1600 650 -1600 550 -1650 600 -1600 650 -1600 550 -1650 600 -1600 600 -1600 600 -1650 550 -1650 600 -550 600 -550 550 -600 550 -1650 600 -550 550 -600 550 -600 550 -600 550 -1650 550 -1650 600 -1600 600 -550 600 -1650 550 
52A3D41F
Unknown encoding: 52A3D41F (32 bits)
Raw (68): 8850 -4500 600 -550 550 -600 550 -600 550 -600 600 -550 500 -650 550 -600 500 -650 500 -1700 550 -1650 550 -1650 550 -1700 550 -1650 500 -1700 600 -1600 550 -1700 500 -650 550 -550 550 -1700 500 -650 500 -600 600 -550 550 -1700 500 -650 500 -1700 550 -1650 500 -650 500 -1700 550 -1650 550 -1700 550 -600 550 -1650 500 
D7E84B1B
Unknown encoding: D7E84B1B (32 bits)
Raw (68): 8850 -4450 650 -550 550 -600 550 -600 500 -650 500 -650 500 -650 500 -650 500 -600 550 -1700 500 -1700 500 -1700 550 -1700 500 -1700 500 -1700 550 -1650 550 -1700 550 -600 500 -650 500 -600 550 -600 550 -600 550 -600 550 -1650 550 -600 550 -1700 500 -1700 500 -1700 600 -1600 550 -1700 500 -1700 500 -650 500 -1700 550 
20FE4DBB
Unknown encoding: 20FE4DBB (32 bits)
Raw (68): 8850 -4500 550 -600 550 -600 550 -600 550 -600 500 -650 500 -650 500 -650 500 -600 550 -1700 500 -1700 550 -1650 600 -1650 500 -1700 500 -1700 550 -1650 600 -1650 500 -1700 500 -1700 600 -550 550 -600 500 -650 500 -650 500 -1700 550 -600 500 -650 500 -650 500 -1700 500 -1700 550 -1700 550 -1650 500 -650 500 -1700 500 
F076C13B
Unknown encoding: F076C13B (32 bits)
Raw (68): 8850 -4500 550 -600 600 -550 550 -600 500 -650 500 -650 500 -650 500 -650 500 -600 550 -1700 500 -1700 500 -1700 600 -1650 500 -1700 500 -1700 550 -1650 550 -1700 500 -1700 500 -1700 550 -1700 500 -600 550 -600 600 -550 550 -600 550 -600 500 -650 500 -650 500 -650 500 -1700 500 -1700 550 -1650 550 -1700 500 -1700 500 
A3C8EDDB
Unknown encoding: A3C8EDDB (32 bits)
Raw (68): 8850 -4500 600 -550 550 -600 550 -600 550 -600 500 -650 500 -650 500 -650 500 -650 500 -1700 550 -1650 550 -1700 500 -1700 500 -1700 550 -1650 550 -1700 550 -1650 500 -1700 550 -600 550 -1650 550 -600 550 -1700 500 -650 500 -600 550 -600 550 -600 550 -1650 550 -600 550 -1700 500 -650 500 -1700 550 -1650 550 -1650 550 
FF
Decoded JVC: FF (16 bits)
Raw (68): 8850 -4500 600 -550 550 -600 550 -600 550 -550 600 -550 600 -550 600 -550 600 -550 600 -1600 600 -1650 550 -1650 500 -1700 550 -1650 550 -1700 550 -1650 500 -1700 600 -1650 500 -650 550 -550 600 -1650 550 -600 550 -550 550 -600 550 -600 550 -600 600 -1600 550 -1700 550 -600 550 -1650 500 -1700 600 -1600 600 -1650 500 
C101E57B
Unknown encoding: C101E57B (32 bits)
Raw (68): 8850 -4500 500 -650 550 -550 550 -600 550 -600 550 -600 500 -650 500 -650 500 -650 500 -1700 500 -1700 550 -1700 500 -1700 500 -1700 550 -1650 600 -1650 500 -1700 500 -650 550 -1650 500 -1700 550 -600 550 -1650 550 -600 550 -600 550 -600 550 -1650 550 -600 550 -600 550 -1650 550 -600 550 -1700 500 -1700 500 -1700 600 
97483BFB
Unknown encoding: 97483BFB (32 bits)
Raw (68): 8850 -4500 500 -650 500 -650 500 -600 550 -600 550 -600 550 -600 550 -600 500 -650 500 -1700 550 -1650 550 -1700 500 -1700 550 -1650 550 -1700 500 -1700 500 -1700 550 -1650 550 -600 550 -600 550 -1700 500 -1700 500 -650 500 -650 550 -600 500 -600 550 -1700 500 -1700 550 -600 500 -650 500 -1700 500 -1700 550 -1700 500 
F0C41643
Unknown encoding: F0C41643 (32 bits)
Raw (68): 8850 -4500 500 -650 500 -650 550 -550 550 -600 550 -600 550 -600 500 -650 600 -550 500 -1700 550 -1650 600 -1650 550 -1650 500 -1700 550 -1700 500 -1700 500 -1700 550 -1650 550 -600 550 -1700 500 -1700 550 -600 550 -600 500 -650 500 -600 550 -600 550 -1700 500 -600 600 -550 600 -1650 550 -1650 550 -1650 550 -1650 550 
9716BE3F
Unknown encoding: 9716BE3F (32 bits)
Raw (68): 8850 -4500 500 -650 500 -650 500 -650 500 -650 500 -600 550 -600 550 -600 550 -600 550 -1650 550 -1700 500 -1700 500 -1700 550 -1650 550 -1700 500 -1700 550 -1650 550 -600 550 -600 550 -1650 550 -1700 500 -650 500 -650 500 -600 550 -600 550 -1700 550 -1650 500 -650 500 -650 500 -1700 500 -1700 550 -1650 550 -1700 500 
3D9AE3F7
Unknown encoding: 3D9AE3F7 (32 bits)
Raw (68): 8850 -4500 600 -550 550 -600 550 -600 550 -600 500 -650 500 -650 500 -650 500 -650 500 -1700 500 -1700 550 -1650 600 -1650 550 -1650 550 -1650 600 -1650 550 -1650 500 -650 500 -650 550 -600 550 -1650 550 -1650 600 -550 600 -550 550 -600 550 -1650 500 -1700 600 -1650 550 -600 550 -550 600 -1650 550 -1650 500 -1700 600 
6182021B
Unknown encoding: 6182021B (32 bits)
Raw (68): 8850 -4500 500 -650 500 -650 500 -600 550 -600 550 -600 550 -600 550 -600 500 -650 500 -1700 550 -1650 550 -1700 500 -1700 500 -1700 550 -1700 500 -1700 500 -1700 550 -600 500 -1700 550 -1700 500 -1700 500 -1700 550 -600 500 -1700 550 -600 550 -1650 550 -600 550 -600 550 -600 500 -650 500 -1700 550 -600 550 -1650 550 
8C22657B
Unknown encoding: 8C22657B (32 bits)
Raw (68): 8850 -4500 500 -650 500 -650 500 -650 500 -650 500 -600 550 -600 550 -600 550 -600 550 -1650 550 -1700 550 -1650 500 -1700 550 -1650 550 -1700 500 -1700 500 -1700 550 -600 550 -600 500 -650 500 -1700 550 -600 500 -650 500 -650 500 -650 500 -1700 500 -1700 550 -1700 500 -600 550 -1700 500 -1700 500 -1700 550 -1700 500 
488F3CBB
Unknown encoding: 488F3CBB (32 bits)
Raw (68): 8850 -4500 550 -600 550 -600 500 -650 500 -650 500 -650 500 -650 500 -600 550 -600 600 -1650 550 -1650 500 -1700 550 -1650 550 -1700 500 -1700 550 -1650 550 -1650 550 -600 550 -600 550 -1700 500 -1700 500 -1700 550 -600 500 -650 500 -650 550 -1650 500 -1700 550 -600 550 -600 550 -600 600 -1600 550 -1700 500 -1700 550 
449E79F
Unknown encoding: 449E79F (32 bits)
Raw (68): 8850 -4500 600 -550 600 -550 500 -650 500 -650 500 -650 500 -600 550 -600 550 -600 600 -1650 500 -1700 550 -1650 600 -1600 550 -1700 550 -1650 550 -1650 550 -1650 550 -600 600 -1650 500 -650 550 -1650 500 -1700 600 -550 600 -1600 550 -600 550 -1650 600 -550 600 -1650 550 -550 600 -550 550 -1700 500 -600 550 -1700 550 
32C6FDF7
Unknown encoding: 32C6FDF7 (32 bits)
Raw (68): 8850 -4500 550 -600 500 -650 500 -600 550 -600 550 -600 550 -600 550 -600 500 -650 500 -1700 550 -1650 600 -1650 550 -1650 500 -1700 550 -1700 550 -1650 550 -1650 550 -600 500 -1700 550 -600 550 -600 550 -600 500 -650 500 -1700 600 -550 500 -1700 600 -550 550 -1650 600 -1650 500 -1700 500 -1700 550 -600 550 -1650 550 
1BC0157B
Unknown encoding: 1BC0157B (32 bits)
Raw (68): 8850 -4500 600 -550 600 -550 600 -550 600 -550 550 -600 500 -650 550 -600 550 -550 550 -1700 550 -1650 500 -1700 600 -1650 550 -1650 550 -1650 550 -1650 550 -1700 550 -600 550 -1650 550 -600 550 -600 550 -1650 550 -600 550 -1650 600 -550 600 -1600 600 -550 600 -1600 600 -1650 500 -650 500 -1700 500 -650 500 -1700 600 
3EC3FC1B
Unknown encoding: 3EC3FC1B (32 bits)
Raw (68): 8900 -4450 500 -650 500 -600 600 -550 600 -550 550 -600 550 -600 500 -650 550 -600 500 -1700 550 -1650 550 -1700 500 -1700 550 -1650 600 -1600 550 -1700 550 -1650 550 -600 500 -1700 600 -550 600 -1600 600 -550 550 -600 600 -1600 600 -550 550 -1700 500 -600 600 -1650 500 -650 550 -1650 550 -1650 550 -600 600 -1600 600 


