Decimal: 13619136 (24Bit) Binary: 110011111100111111000000 Tri-State: 101110111000 PulseLength: 265 microseconds Protocol: 1
Raw data: 8340,796,280,788,284,256,820,256,820,792,284,792,284,788,292,784,288,784,312,760,304,236,840,236,836,772,304,772,304,772,304,772,304,768,308,768,304,236,840,228,844,236,836,244,828,244,836,244,828,

Decimal: 13618992 (24Bit) Binary: 110011111100111100110000 Tri-State: 101110110100$ PulseLength: 267 microseconds Protocol: 1
Raw data: 8360,792,280,780,300,236,836,252,836,764,312,764,312,776,288,768,332,744,320,752,380,152,852,236,836,788,292,788,288,788,292,776,296,244,824,248,840,768,304,772,292,248,832,240,840,484,484,376,1488,

Decimal: 13618956 (24Bit) Binary: 110011111100111100001100 Tri-State: 101110110010 PulseLength: 267 microseconds Protocol: 1
Raw data: 8348,800,276,796,280,252,824,252,824,788,284,796,280,792,284,788,288,784,292,788,288,248,828,236,840,780,296,776,296,784,288,780,304,232,840,244,824,252,828,240,836,776,284,788,288,256,820,252,824,

Decimal: 13618947 (24Bit) Binary: 110011111100111100000011 Tri-State: 101110110001 PulseLength: 266 microseconds Protocol: 1
Raw data: 8384,804,276,804,280,260,820,260,840,780,300,772,312,772,308,776,304,772,312,768,312,232,848,228,848,776,308,772,308,768,312,768,316,220,860,224,856,220,864,172,908,204,856,216,864,756,324,744,336,

